
[ car1 ]
abs = off
absA = off
autorear = on
autorear_inv = on
autotrans = on
camera = 9
car = SX
clr_gloss = 0.500000
clr_hue = 0.400000
clr_refl = 1.000000
clr_sat = 1.000000
clr_val = 1.000000
sss_effect = 0.000000
sss_effectA = 0.850000
sss_velfactor = 1.000000
sss_velfactorA = 1.000000
steer_range = 1.000000
steer_rangeA = 0.700000
steer_sim_easy = 0.510000
steer_sim_normal = 0.810000
tcs = off
tcsA = off

[ car2 ]
camera = 9
car = SX
clr_gloss = 0.500000
clr_hue = 0.600000
clr_refl = 1.000000
clr_sat = 1.000000
clr_val = 1.000000

[ car3 ]
camera = 9
car = SX
clr_gloss = 0.500000
clr_hue = 0.800000
clr_refl = 1.000000
clr_sat = 1.000000
clr_val = 1.000000

[ car4 ]
camera = 9
car = SX
clr_gloss = 0.500000
clr_hue = 1.000000
clr_refl = 1.000000
clr_sat = 1.000000
clr_val = 1.000000

[ car5 ]
clr_gloss = 0.500000
clr_hue = 1.200000
clr_refl = 1.000000
clr_sat = 1.000000
clr_val = 1.000000

[ car6 ]
clr_gloss = 0.500000
clr_hue = 1.400000
clr_refl = 1.000000
clr_sat = 1.000000
clr_val = 1.000000

[ game ]
boost_add_sec = 0.100000
boost_max = 6.000000
boost_min = 2.000000
boost_per_km = 1.000000
boost_power = 1.000000
boost_type = 3
collis_cars = off
collis_roadw = off
collis_veget = on
damage_dec = 0.000000
damage_type = 1
dyn_objects = on
flip_type = 2
local_players = 1
menu = 0
num_laps = 1
rewind_type = 1
sim_mode = normal
start_in_main = on
track = Test1-Flat
track_user = off
trk_reverse = off

[ graph_detail ]
anisotropy = 4
road_dist = 1.000000
ter_detail = 1.000000
ter_dist = 300.000000
ter_mtr = 2
ter_tripl = 0
tex_filter = 2
tex_size = 1
view_dist = 2000.000000

[ graph_par ]
particles = on
particles_len = 1.000000
trail_len = 1.000000
trails = on

[ graph_reflect ]
dist = 500.000000
faces_once = 1
map_size = 0
mode = 1
skip_frames = 200

[ graph_shadow ]
count = 3
dist = 1000.000000
size = 2
type = 1

[ graph_veget ]
grass = 1.000000
grass_dist = 1.000000
trees = 1.000000
trees_dist = 1.000000

[ graphs ]
tc_r = 6000.000000
tc_xr = 1.000000
te_common = on
te_reference = off
te_xf_pow = 1.000000
te_xfx = 12.000000
te_xfy = 160.000000
te_yf = 8000.000000

[ hud_show ]
cam_tilt = on
fps = off
mph = off

[ hud_size ]
cam_bnc_mul = 1.000000
cam_bounce = on
cam_in_loop = 1
cam_loop_chng = on

[ misc ]
autostart = off
bulletDebug = off
bulletLines = off
dev_keys = off
dev_no_prvs = off
escquit = on
mouse_capture = on
ogredialog = off
screenshot_png = off
version = 3000

[ replay ]
bestonly = on
ghoHideDist = 5.000000
ghoHideDistTrk = 5.000000
ghost = on
ghostother = on
ghostpar = off
ghostrewind = on
listghosts = off
listview = 0
num_views = 4
rec = off
trackghost = on

[ sim ]
bullet_freq = 160.000000
bullet_iter = 24
dynamics_iter = 30
game_freq = 160.000000
thread_sleep = 5

[ sound ]
device = 
hud_chk = off
hud_chk_wrong = on
hud_vol = 1.000000
reverb = on
vol_car_crash = 1.000000
vol_car_scrap = 1.000000
vol_engine = 0.600000
vol_env = 1.000000
vol_fl_cont = 1.000000
vol_fl_splash = 1.000000
vol_susp = 1.000000
vol_tires = 1.000000
volume = 1.000000

[ video ]
fullscreen = off
limit_fps = off
limit_fps_val = 60.000000
limit_sleep = -1
vsync = off
windowx = 800
windowy = 600
